1 Airfoil data for the nrel 5 mw turbine
8
1   127  17 NA64_A17 airfoil with an aspect ratio of 17.  Original -180 to 180deg
-180.00    0.000   0.0198   0.0000
-175.00    0.374   0.0341   0.1880
-170.00    0.749   0.0955   0.3770
-160.00    0.659   0.2807   0.2747
-155.00    0.736   0.3919   0.3130
-150.00    0.783   0.5086   0.3428
-145.00    0.803   0.6267   0.3654
-140.00    0.798   0.7427   0.3820
-135.00    0.771   0.8537   0.3935
-130.00    0.724   0.9574   0.4007
-125.00    0.660   1.0519   0.4042
-120.00    0.581   1.1355   0.4047
-115.00    0.491   1.2070   0.4025
-110.00    0.390   1.2656   0.3981
-105.00    0.282   1.3104   0.3918
-100.00    0.169   1.3410   0.3838
 -95.00    0.052   1.3572   0.3743
 -90.00   -0.067   1.3587   0.3636
 -85.00   -0.184   1.3456   0.3517
 -80.00   -0.299   1.3181   0.3388
 -75.00   -0.409   1.2765   0.3248
 -70.00   -0.512   1.2212   0.3099
 -65.00   -0.606   1.1532   0.2940
 -60.00   -0.689   1.0731   0.2772
 -55.00   -0.759   0.9822   0.2595
 -50.00   -0.814   0.8820   0.2409
 -45.00   -0.850   0.7742   0.2212
 -40.00   -0.866   0.6610   0.2006
 -35.00   -0.860   0.5451   0.1789
 -30.00   -0.829   0.4295   0.1563
 -25.00   -0.853   0.3071   0.1156
 -24.00   -0.870   0.2814   0.1040
 -23.00   -0.890   0.2556   0.0916
 -22.00   -0.911   0.2297   0.0785
 -21.00   -0.934   0.2040   0.0649
 -20.00   -0.958   0.1785   0.0508
 -19.00   -0.982   0.1534   0.0364
 -18.00   -1.005   0.1288   0.0218
 -17.00   -1.082   0.1037   0.0129
 -16.00   -1.113   0.0786  -0.0028
 -15.00   -1.105   0.0535  -0.0251
 -14.00   -1.078   0.0283  -0.0419
 -13.50   -1.053   0.0158  -0.0521
 -13.00   -1.015   0.0151  -0.0610
 -12.00   -0.904   0.0134  -0.0707
 -11.00   -0.807   0.0121  -0.0722
 -10.00   -0.711   0.0111  -0.0734
  -9.00   -0.595   0.0099  -0.0772
  -8.00   -0.478   0.0091  -0.0807
  -7.00   -0.375   0.0086  -0.0825
  -6.00   -0.264   0.0082  -0.0832
  -5.00   -0.151   0.0079  -0.0841
  -4.00   -0.017   0.0072  -0.0869
  -3.00    0.088   0.0064  -0.0912
  -2.00    0.213   0.0054  -0.0946
  -1.00    0.328   0.0052  -0.0971
   0.00    0.442   0.0052  -0.1014
   1.00    0.556   0.0052  -0.1076
   2.00    0.670   0.0053  -0.1126
   3.00    0.784   0.0053  -0.1157
   4.00    0.898   0.0054  -0.1199
   5.00    1.011   0.0058  -0.1240
   6.00    1.103   0.0091  -0.1234
   7.00    1.181   0.0113  -0.1184
   8.00    1.257   0.0124  -0.1163
   8.50    1.293   0.0130  -0.1163
   9.00    1.326   0.0136  -0.1160
   9.50    1.356   0.0143  -0.1154
  10.00    1.382   0.0150  -0.1149
  10.50    1.400   0.0267  -0.1145
  11.00    1.415   0.0383  -0.1143
  11.50    1.425   0.0498  -0.1147
  12.00    1.434   0.0613  -0.1158
  12.50    1.443   0.0727  -0.1165
  13.00    1.451   0.0841  -0.1153
  13.50    1.453   0.0954  -0.1131
  14.00    1.448   0.1065  -0.1112
  14.50    1.444   0.1176  -0.1101
  15.00    1.445   0.1287  -0.1103
  15.50    1.447   0.1398  -0.1109
  16.00    1.448   0.1509  -0.1114
  16.50    1.444   0.1619  -0.1111
  17.00    1.438   0.1728  -0.1097
  17.50    1.439   0.1837  -0.1079
  18.00    1.448   0.1947  -0.1080
  18.50    1.452   0.2057  -0.1090
  19.00    1.448   0.2165  -0.1086
  19.50    1.438   0.2272  -0.1077
  20.00    1.428   0.2379  -0.1099
  21.00    1.401   0.2590  -0.1169
  22.00    1.359   0.2799  -0.1190
  23.00    1.300   0.3004  -0.1235
  24.00    1.220   0.3204  -0.1393
  25.00    1.168   0.3377  -0.1440
  26.00    1.116   0.3554  -0.1486
  28.00    1.015   0.3916  -0.1577
  30.00    0.926   0.4294  -0.1668
  32.00    0.855   0.4690  -0.1759
  35.00    0.800   0.5324  -0.1897
  40.00    0.804   0.6452  -0.2126
  45.00    0.793   0.7573  -0.2344
  50.00    0.763   0.8664  -0.2553
  55.00    0.717   0.9708  -0.2751
  60.00    0.656   1.0693  -0.2939
  65.00    0.582   1.1606  -0.3117
  70.00    0.495   1.2438  -0.3285
  75.00    0.398   1.3178  -0.3444
  80.00    0.291   1.3809  -0.3593
  85.00    0.176   1.4304  -0.3731
  90.00    0.053   1.4565  -0.3858
  95.00   -0.074   1.4533  -0.3973
 100.00   -0.199   1.4345  -0.4075
 105.00   -0.321   1.4004  -0.4162
 110.00   -0.436   1.3512  -0.4231
 115.00   -0.543   1.2874  -0.4280
 120.00   -0.640   1.2099  -0.4306
 125.00   -0.723   1.1196  -0.4304
 130.00   -0.790   1.0179  -0.4270
 135.00   -0.840   0.9064  -0.4196
 140.00   -0.868   0.7871  -0.4077
 145.00   -0.872   0.6627  -0.3903
 150.00   -0.850   0.5363  -0.3665
 155.00   -0.798   0.4116  -0.3349
 160.00   -0.714   0.2931  -0.2942
 170.00   -0.749   0.0971  -0.3771
 175.00   -0.374   0.0334  -0.1879
 180.00    0.000   0.0198   0.0000
2   142  21 DU21 airfoil with an aspect ratio of 17.  Original -180 to 180deg
 -180.00    0.000   0.0185   0.0000
-175.00    0.394   0.0332   0.1978
-170.00    0.788   0.0945   0.3963
-160.00    0.670   0.2809   0.2738
-155.00    0.749   0.3932   0.3118
-150.00    0.797   0.5112   0.3413
-145.00    0.818   0.6309   0.3636
-140.00    0.813   0.7485   0.3799
-135.00    0.786   0.8612   0.3911
-130.00    0.739   0.9665   0.3980
-125.00    0.675   1.0625   0.4012
-120.00    0.596   1.1476   0.4014
-115.00    0.505   1.2206   0.3990
-110.00    0.403   1.2805   0.3943
-105.00    0.294   1.3265   0.3878
-100.00    0.179   1.3582   0.3796
 -95.00    0.060   1.3752   0.3700
 -90.00   -0.060   1.3774   0.3591
 -85.00   -0.179   1.3648   0.3471
 -80.00   -0.295   1.3376   0.3340
 -75.00   -0.407   1.2962   0.3199
 -70.00   -0.512   1.2409   0.3049
 -65.00   -0.608   1.1725   0.2890
 -60.00   -0.693   1.0919   0.2722
 -55.00   -0.764   1.0002   0.2545
 -50.00   -0.820   0.8990   0.2359
 -45.00   -0.857   0.7900   0.2163
 -40.00   -0.875   0.6754   0.1958
 -35.00   -0.869   0.5579   0.1744
 -30.00   -0.838   0.4405   0.1520
 -25.00   -0.791   0.3256   0.1262
 -24.00   -0.794   0.3013   0.1170
 -23.00   -0.805   0.2762   0.1059
 -22.00   -0.821   0.2506   0.0931
 -21.00   -0.843   0.2246   0.0788
 -20.00   -0.869   0.1983   0.0631
 -19.00   -0.899   0.1720   0.0464
 -18.00   -0.931   0.1457   0.0286
 -17.00   -0.964   0.1197   0.0102
 -16.00   -0.999   0.0940  -0.0088
 -15.00   -1.033   0.0689  -0.0281
 -14.50   -1.050   0.0567  -0.0378
 -12.01   -0.953   0.0271  -0.0349
 -11.00   -0.900   0.0303  -0.0361
  -9.98   -0.827   0.0287  -0.0464
  -8.12   -0.536   0.0124  -0.0821
  -7.62   -0.467   0.0109  -0.0924
  -7.11   -0.393   0.0092  -0.1015
  -6.60   -0.323   0.0083  -0.1073
  -6.50   -0.311   0.0089  -0.1083
  -6.00   -0.245   0.0082  -0.1112
  -5.50   -0.178   0.0074  -0.1146
  -5.00   -0.113   0.0069  -0.1172
  -4.50   -0.048   0.0065  -0.1194
  -4.00    0.016   0.0063  -0.1213
  -3.50    0.080   0.0061  -0.1232
  -3.00    0.145   0.0058  -0.1252
  -2.50    0.208   0.0057  -0.1268
  -2.00    0.270   0.0057  -0.1282
  -1.50    0.333   0.0057  -0.1297
  -1.00    0.396   0.0057  -0.1310
  -0.50    0.458   0.0057  -0.1324
   0.00    0.521   0.0057  -0.1337
   0.50    0.583   0.0057  -0.1350
   1.00    0.645   0.0058  -0.1363
   1.50    0.706   0.0058  -0.1374
   2.00    0.768   0.0059  -0.1385
   2.50    0.828   0.0061  -0.1395
   3.00    0.888   0.0063  -0.1403
   3.50    0.948   0.0066  -0.1406
   4.00    0.996   0.0071  -0.1398
   4.50    1.046   0.0079  -0.1390
   5.00    1.095   0.0090  -0.1378
   5.50    1.145   0.0103  -0.1369
   6.00    1.192   0.0113  -0.1353
   6.50    1.239   0.0122  -0.1338
   7.00    1.283   0.0131  -0.1317
   7.50    1.324   0.0139  -0.1291
   8.00    1.358   0.0147  -0.1249
   8.50    1.385   0.0158  -0.1213
   9.00    1.403   0.0181  -0.1177
   9.50    1.401   0.0211  -0.1142
  10.00    1.358   0.0255  -0.1103
  10.50    1.313   0.0301  -0.1066
  11.00    1.287   0.0347  -0.1032
  11.50    1.274   0.0401  -0.1002
  12.00    1.272   0.0468  -0.0971
  12.50    1.273   0.0545  -0.0940
  13.00    1.273   0.0633  -0.0909
  13.50    1.273   0.0722  -0.0883
  14.00    1.272   0.0806  -0.0865
  14.50    1.273   0.0900  -0.0854
  15.00    1.275   0.0987  -0.0849
  15.50    1.281   0.1075  -0.0847
  16.00    1.284   0.1170  -0.0850
  16.50    1.296   0.1270  -0.0858
  17.00    1.306   0.1368  -0.0869
  17.50    1.308   0.1464  -0.0883
  18.00    1.308   0.1562  -0.0901
  18.50    1.308   0.1664  -0.0922
  19.00    1.308   0.1770  -0.0949
  19.50    1.307   0.1878  -0.0980
  20.00    1.311   0.1987  -0.1017
  20.50    1.325   0.2100  -0.1059
  21.00    1.324   0.2214  -0.1105
  22.00    1.277   0.2499  -0.1172
  23.00    1.229   0.2786  -0.1239
  24.00    1.182   0.3077  -0.1305
  25.00    1.136   0.3371  -0.1370
  26.00    1.093   0.3664  -0.1433
  28.00    1.017   0.4246  -0.1556
  30.00    0.962   0.4813  -0.1671
  32.00    0.937   0.5356  -0.1778
  35.00    0.947   0.6127  -0.1923
  40.00    0.950   0.7396  -0.2154
  45.00    0.928   0.8623  -0.2374
  50.00    0.884   0.9781  -0.2583
  55.00    0.821   1.0846  -0.2782
  60.00    0.740   1.1796  -0.2971
  65.00    0.646   1.2617  -0.3149
  70.00    0.540   1.3297  -0.3318
  75.00    0.425   1.3827  -0.3476
  80.00    0.304   1.4202  -0.3625
  85.00    0.179   1.4423  -0.3763
  90.00    0.053   1.4512  -0.3890
  95.00   -0.073   1.4480  -0.4004
 100.00   -0.198   1.4294  -0.4105
 105.00   -0.319   1.3954  -0.4191
 110.00   -0.434   1.3464  -0.4260
 115.00   -0.541   1.2829  -0.4308
 120.00   -0.637   1.2057  -0.4333
 125.00   -0.720   1.1157  -0.4330
 130.00   -0.787   1.0144  -0.4294
 135.00   -0.836   0.9033  -0.4219
 140.00   -0.864   0.7845  -0.4098
 145.00   -0.869   0.6605  -0.3922
 150.00   -0.847   0.5346  -0.3682
 155.00   -0.795   0.4103  -0.3364
 160.00   -0.711   0.2922  -0.2954
 170.00   -0.788   0.0969  -0.3966
 175.00   -0.394   0.0334  -0.1978
 180.00    0.000   0.0185   0.0000
3   140  25 DU25 airfoil with an aspect ratio of 17.  Original -180 to 180deg
-180.00    0.000   0.0202   0.0000
-175.00    0.368   0.0324   0.1845
-170.00    0.735   0.0943   0.3701
-160.00    0.695   0.2848   0.2679
-155.00    0.777   0.4001   0.3046
-150.00    0.828   0.5215   0.3329
-145.00    0.850   0.6447   0.3540
-140.00    0.846   0.7660   0.3693
-135.00    0.818   0.8823   0.3794
-130.00    0.771   0.9911   0.3854
-125.00    0.705   1.0905   0.3878
-120.00    0.624   1.1787   0.3872
-115.00    0.530   1.2545   0.3841
-110.00    0.426   1.3168   0.3788
-105.00    0.314   1.3650   0.3716
-100.00    0.195   1.3984   0.3629
 -95.00    0.073   1.4169   0.3529
 -90.00   -0.050   1.4201   0.3416
 -85.00   -0.173   1.4081   0.3292
 -80.00   -0.294   1.3811   0.3159
 -75.00   -0.409   1.3394   0.3017
 -70.00   -0.518   1.2833   0.2866
 -65.00   -0.617   1.2138   0.2707
 -60.00   -0.706   1.1315   0.2539
 -55.00   -0.780   1.0378   0.2364
 -50.00   -0.839   0.9341   0.2181
 -45.00   -0.879   0.8221   0.1991
 -40.00   -0.898   0.7042   0.1792
 -35.00   -0.893   0.5829   0.1587
 -30.00   -0.862   0.4616   0.1374
 -25.00   -0.803   0.3441   0.1154
 -24.00   -0.792   0.3209   0.1101
 -23.00   -0.789   0.2972   0.1031
 -22.00   -0.792   0.2730   0.0947
 -21.00   -0.801   0.2485   0.0849
 -20.00   -0.815   0.2237   0.0739
 -19.00   -0.833   0.1990   0.0618
 -18.00   -0.854   0.1743   0.0488
 -17.00   -0.879   0.1498   0.0351
 -16.00   -0.905   0.1256   0.0208
 -15.00   -0.932   0.1020   0.0060
 -14.00   -0.959   0.0789  -0.0091
 -13.00   -0.985   0.0567  -0.0243
 -12.01   -0.953   0.0271  -0.0349
 -11.00   -0.900   0.0303  -0.0361
  -9.98   -0.827   0.0287  -0.0464
  -8.98   -0.753   0.0271  -0.0534
  -8.47   -0.691   0.0264  -0.0650
  -7.45   -0.555   0.0114  -0.0782
  -6.42   -0.413   0.0094  -0.0904
  -5.40   -0.271   0.0086  -0.1006
  -5.00   -0.220   0.0073  -0.1107
  -4.50   -0.152   0.0071  -0.1135
  -4.00   -0.084   0.0070  -0.1162
  -3.50   -0.018   0.0069  -0.1186
  -3.00    0.049   0.0068  -0.1209
  -2.50    0.115   0.0068  -0.1231
  -2.00    0.181   0.0068  -0.1252
  -1.50    0.247   0.0067  -0.1272
  -1.00    0.312   0.0067  -0.1293
  -0.50    0.377   0.0067  -0.1311
   0.00    0.444   0.0065  -0.1330
   0.50    0.508   0.0065  -0.1347
   1.00    0.573   0.0066  -0.1364
   1.50    0.636   0.0067  -0.1380
   2.00    0.701   0.0068  -0.1396
   2.50    0.765   0.0069  -0.1411
   3.00    0.827   0.0070  -0.1424
   3.50    0.890   0.0071  -0.1437
   4.00    0.952   0.0073  -0.1448
   4.50    1.013   0.0076  -0.1456
   5.00    1.062   0.0079  -0.1445
   6.00    1.161   0.0099  -0.1419
   6.50    1.208   0.0117  -0.1403
   7.00    1.254   0.0132  -0.1382
   7.50    1.301   0.0143  -0.1362
   8.00    1.336   0.0153  -0.1320
   8.50    1.369   0.0165  -0.1276
   9.00    1.400   0.0181  -0.1234
   9.50    1.428   0.0211  -0.1193
  10.00    1.442   0.0262  -0.1152
  10.50    1.427   0.0336  -0.1115
  11.00    1.374   0.0420  -0.1081
  11.50    1.316   0.0515  -0.1052
  12.00    1.277   0.0601  -0.1026
  12.50    1.250   0.0693  -0.1000
  13.00    1.246   0.0785  -0.0980
  13.50    1.247   0.0888  -0.0969
  14.00    1.256   0.1000  -0.0968
  14.50    1.260   0.1108  -0.0973
  15.00    1.271   0.1219  -0.0981
  15.50    1.281   0.1325  -0.0992
  16.00    1.289   0.1433  -0.1006
  16.50    1.294   0.1541  -0.1023
  17.00    1.304   0.1649  -0.1042
  17.50    1.309   0.1754  -0.1064
  18.00    1.315   0.1845  -0.1082
  18.50    1.320   0.1953  -0.1110
  19.00    1.330   0.2061  -0.1143
  19.50    1.343   0.2170  -0.1179
  20.00    1.354   0.2280  -0.1219
  20.50    1.359   0.2390  -0.1261
  21.00    1.360   0.2536  -0.1303
  22.00    1.325   0.2814  -0.1375
  23.00    1.288   0.3098  -0.1446
  24.00    1.251   0.3386  -0.1515
  25.00    1.215   0.3678  -0.1584
  26.00    1.181   0.3972  -0.1651
  28.00    1.120   0.4563  -0.1781
  30.00    1.076   0.5149  -0.1904
  32.00    1.056   0.5720  -0.2017
  35.00    1.066   0.6548  -0.2173
  40.00    1.064   0.7901  -0.2418
  45.00    1.035   0.9190  -0.2650
  50.00    0.980   1.0378  -0.2867
  55.00    0.904   1.1434  -0.3072
  60.00    0.810   1.2333  -0.3265
  65.00    0.702   1.3055  -0.3446
  70.00    0.582   1.3587  -0.3616
  75.00    0.456   1.3922  -0.3775
  80.00    0.326   1.4063  -0.3921
  85.00    0.197   1.4042  -0.4057
  90.00    0.072   1.3985  -0.4180
  95.00   -0.050   1.3973  -0.4289
 100.00   -0.170   1.3810  -0.4385
 105.00   -0.287   1.3498  -0.4464
 110.00   -0.399   1.3041  -0.4524
 115.00   -0.502   1.2442  -0.4563
 120.00   -0.596   1.1709  -0.4577
 125.00   -0.677   1.0852  -0.4563
 130.00   -0.743   0.9883  -0.4514
 135.00   -0.792   0.8818  -0.4425
 140.00   -0.821   0.7676  -0.4288
 145.00   -0.826   0.6481  -0.4095
 150.00   -0.806   0.5264  -0.3836
 155.00   -0.758   0.4060  -0.3497
 160.00   -0.679   0.2912  -0.3065
 170.00   -0.735   0.0995  -0.3706
 175.00   -0.368   0.0356  -0.1846
 180.00    0.000   0.0202   0.0000
4   143  30 DU30 airfoil with an aspect ratio of 17.  Original -180 to 180deg
-180.00    0.000   0.0267   0.0000
-175.00    0.274   0.0370   0.1379
-170.00    0.547   0.0968   0.2778
-160.00    0.685   0.2876   0.2740
-155.00    0.766   0.4025   0.3118
-150.00    0.816   0.5232   0.3411
-145.00    0.836   0.6454   0.3631
-140.00    0.832   0.7656   0.3791
-135.00    0.804   0.8807   0.3899
-130.00    0.756   0.9882   0.3965
-125.00    0.690   1.0861   0.3994
-120.00    0.609   1.1730   0.3992
-115.00    0.515   1.2474   0.3964
-110.00    0.411   1.3084   0.3915
-105.00    0.300   1.3552   0.3846
-100.00    0.182   1.3875   0.3761
 -95.00    0.061   1.4048   0.3663
 -90.00   -0.061   1.4070   0.3551
 -85.00   -0.183   1.3941   0.3428
 -80.00   -0.302   1.3664   0.3295
 -75.00   -0.416   1.3240   0.3153
 -70.00   -0.523   1.2676   0.3001
 -65.00   -0.622   1.1978   0.2841
 -60.00   -0.708   1.1156   0.2672
 -55.00   -0.781   1.0220   0.2494
 -50.00   -0.838   0.9187   0.2308
 -45.00   -0.877   0.8074   0.2113
 -40.00   -0.895   0.6904   0.1909
 -35.00   -0.889   0.5703   0.1696
 -30.00   -0.858   0.4503   0.1475
 -25.00   -0.832   0.3357   0.1224
 -24.00   -0.852   0.3147   0.1156
 -23.00   -0.882   0.2946   0.1081
 -22.00   -0.919   0.2752   0.1000
 -21.00   -0.963   0.2566   0.0914
 -20.00   -1.013   0.2388   0.0823
 -19.00   -1.067   0.2218   0.0728
 -18.00   -1.125   0.2056   0.0631
 -17.00   -1.185   0.1901   0.0531
 -16.00   -1.245   0.1754   0.0430
 -15.25   -1.290   0.1649   0.0353
 -14.24   -1.229   0.1461   0.0240
 -13.24   -1.148   0.1263   0.0100
 -12.22   -1.052   0.1051  -0.0090
 -11.22   -0.965   0.0886  -0.0230
 -10.19   -0.867   0.0740  -0.0336
  -9.70   -0.822   0.0684  -0.0375
  -9.18   -0.769   0.0605  -0.0440
  -8.18   -0.756   0.0270  -0.0578
  -7.19   -0.690   0.0180  -0.0590
  -6.65   -0.616   0.0166  -0.0633
  -6.13   -0.542   0.0152  -0.0674
  -6.00   -0.525   0.0117  -0.0732
  -5.50   -0.451   0.0105  -0.0766
  -5.00   -0.382   0.0097  -0.0797
  -4.50   -0.314   0.0092  -0.0825
  -4.00   -0.251   0.0091  -0.0853
  -3.50   -0.189   0.0089  -0.0884
  -3.00   -0.120   0.0089  -0.0914
  -2.50   -0.051   0.0088  -0.0942
  -2.00    0.017   0.0088  -0.0969
  -1.50    0.085   0.0088  -0.0994
  -1.00    0.152   0.0088  -0.1018
  -0.50    0.219   0.0088  -0.1041
   0.00    0.288   0.0087  -0.1062
   0.50    0.354   0.0087  -0.1086
   1.00    0.421   0.0088  -0.1107
   1.50    0.487   0.0089  -0.1129
   2.00    0.554   0.0090  -0.1149
   2.50    0.619   0.0091  -0.1168
   3.00    0.685   0.0092  -0.1185
   3.50    0.749   0.0093  -0.1201
   4.00    0.815   0.0095  -0.1218
   4.50    0.879   0.0096  -0.1233
   5.00    0.944   0.0097  -0.1248
   5.50    1.008   0.0099  -0.1260
   6.00    1.072   0.0101  -0.1270
   6.50    1.135   0.0103  -0.1280
   7.00    1.197   0.0107  -0.1287
   7.50    1.256   0.0112  -0.1289
   8.00    1.305   0.0125  -0.1270
   9.00    1.390   0.0155  -0.1207
   9.50    1.424   0.0171  -0.1158
  10.00    1.458   0.0192  -0.1116
  10.50    1.488   0.0219  -0.1073
  11.00    1.512   0.0255  -0.1029
  11.50    1.533   0.0307  -0.0983
  12.00    1.549   0.0370  -0.0949
  12.50    1.558   0.0452  -0.0921
  13.00    1.470   0.0630  -0.0899
  13.50    1.398   0.0784  -0.0885
  14.00    1.354   0.0931  -0.0885
  14.50    1.336   0.1081  -0.0902
  15.00    1.333   0.1239  -0.0928
  15.50    1.326   0.1415  -0.0963
  16.00    1.329   0.1592  -0.1006
  16.50    1.326   0.1743  -0.1042
  17.00    1.321   0.1903  -0.1084
  17.50    1.331   0.2044  -0.1125
  18.00    1.333   0.2186  -0.1169
  18.50    1.340   0.2324  -0.1215
  19.00    1.362   0.2455  -0.1263
  19.50    1.382   0.2584  -0.1313
  20.00    1.398   0.2689  -0.1352
  20.50    1.426   0.2814  -0.1406
  21.00    1.437   0.2943  -0.1462
  22.00    1.418   0.3246  -0.1516
  23.00    1.397   0.3557  -0.1570
  24.00    1.376   0.3875  -0.1623
  25.00    1.354   0.4198  -0.1676
  26.00    1.332   0.4524  -0.1728
  28.00    1.293   0.5183  -0.1832
  30.00    1.265   0.5843  -0.1935
  32.00    1.253   0.6492  -0.2039
  35.00    1.264   0.7438  -0.2193
  40.00    1.258   0.8970  -0.2440
  45.00    1.217   1.0402  -0.2672
  50.00    1.146   1.1686  -0.2891
  55.00    1.049   1.2779  -0.3097
  60.00    0.932   1.3647  -0.3290
  65.00    0.799   1.4267  -0.3471
  70.00    0.657   1.4621  -0.3641
  75.00    0.509   1.4708  -0.3799
  80.00    0.362   1.4544  -0.3946
  85.00    0.221   1.4196  -0.4081
  90.00    0.092   1.3938  -0.4204
  95.00   -0.030   1.3943  -0.4313
 100.00   -0.150   1.3798  -0.4408
 105.00   -0.267   1.3504  -0.4486
 110.00   -0.379   1.3063  -0.4546
 115.00   -0.483   1.2481  -0.4584
 120.00   -0.578   1.1763  -0.4597
 125.00   -0.660   1.0919  -0.4582
 130.00   -0.727   0.9962  -0.4532
 135.00   -0.777   0.8906  -0.4441
 140.00   -0.807   0.7771  -0.4303
 145.00   -0.815   0.6581  -0.4109
 150.00   -0.797   0.5364  -0.3848
 155.00   -0.750   0.4157  -0.3508
 160.00   -0.673   0.3000  -0.3074
 170.00   -0.547   0.1051  -0.2786
 175.00   -0.274   0.0388  -0.1380
 180.00    0.000   0.0267   0.0000
5   135  35 DU35 airfoil with an aspect ratio of 17.  Original -180 to 180deg 
 -180.00    0.000   0.0407   0.0000
-175.00    0.223   0.0507   0.0937
-170.00    0.405   0.1055   0.1702
-160.00    0.658   0.2982   0.2819
-155.00    0.733   0.4121   0.3213
-150.00    0.778   0.5308   0.3520
-145.00    0.795   0.6503   0.3754
-140.00    0.787   0.7672   0.3926
-135.00    0.757   0.8785   0.4046
-130.00    0.708   0.9819   0.4121
-125.00    0.641   1.0756   0.4160
-120.00    0.560   1.1580   0.4167
-115.00    0.467   1.2280   0.4146
-110.00    0.365   1.2847   0.4104
-105.00    0.255   1.3274   0.4041
-100.00    0.139   1.3557   0.3961
 -95.00    0.021   1.3692   0.3867
 -90.00   -0.098   1.3680   0.3759
 -85.00   -0.216   1.3521   0.3639
 -80.00   -0.331   1.3218   0.3508
 -75.00   -0.441   1.2773   0.3367
 -70.00   -0.544   1.2193   0.3216
 -65.00   -0.638   1.1486   0.3054
 -60.00   -0.720   1.0660   0.2884
 -55.00   -0.788   0.9728   0.2703
 -50.00   -0.840   0.8705   0.2512
 -45.00   -0.875   0.7611   0.2311
 -40.00   -0.889   0.6466   0.2099
 -35.00   -0.880   0.5299   0.1876
 -30.00   -0.846   0.4141   0.1641
 -25.00   -0.784   0.3030   0.1396
 -24.00   -0.768   0.2817   0.1345
 -23.00   -0.751   0.2608   0.1294
 -22.00   -0.733   0.2404   0.1243
 -21.00   -0.714   0.2205   0.1191
 -20.00   -0.693   0.2011   0.1139
 -19.00   -0.671   0.1822   0.1086
 -18.00   -0.648   0.1640   0.1032
 -17.00   -0.624   0.1465   0.0975
 -16.00   -0.601   0.1300   0.0898
 -15.00   -0.579   0.1145   0.0799
 -14.00   -0.559   0.1000   0.0682
 -13.00   -0.539   0.0867   0.0547
 -12.00   -0.519   0.0744   0.0397
 -11.00   -0.499   0.0633   0.0234
 -10.00   -0.480   0.0534   0.0060
  -5.54   -0.385   0.0245  -0.0800
  -5.04   -0.359   0.0225  -0.0800
  -4.54   -0.360   0.0196  -0.0800
  -4.04   -0.355   0.0174  -0.0800
  -3.54   -0.307   0.0162  -0.0800
  -3.04   -0.246   0.0144  -0.0800
  -3.00   -0.240   0.0240  -0.0623
  -2.50   -0.163   0.0188  -0.0674
  -2.00   -0.091   0.0160  -0.0712
  -1.50   -0.019   0.0137  -0.0746
  -1.00    0.052   0.0118  -0.0778
  -0.50    0.121   0.0104  -0.0806
   0.00    0.196   0.0094  -0.0831
   0.50    0.265   0.0096  -0.0863
   1.00    0.335   0.0098  -0.0895
   1.50    0.404   0.0099  -0.0924
   2.00    0.472   0.0100  -0.0949
   2.50    0.540   0.0102  -0.0973
   3.00    0.608   0.0103  -0.0996
   3.50    0.674   0.0104  -0.1016
   4.00    0.742   0.0105  -0.1037
   4.50    0.809   0.0107  -0.1057
   5.00    0.875   0.0108  -0.1076
   5.50    0.941   0.0109  -0.1094
   6.00    1.007   0.0110  -0.1109
   6.50    1.071   0.0113  -0.1118
   7.00    1.134   0.0115  -0.1127
   7.50    1.198   0.0117  -0.1138
   8.00    1.260   0.0120  -0.1144
   8.50    1.318   0.0126  -0.1137
   9.00    1.368   0.0133  -0.1112
   9.50    1.422   0.0143  -0.1100
  10.00    1.475   0.0156  -0.1086
  10.50    1.523   0.0174  -0.1064
  11.00    1.570   0.0194  -0.1044
  11.50    1.609   0.0227  -0.1013
  12.00    1.642   0.0269  -0.0980
  12.50    1.675   0.0319  -0.0953
  13.00    1.700   0.0398  -0.0925
  13.50    1.717   0.0488  -0.0896
  14.00    1.712   0.0614  -0.0864
  14.50    1.703   0.0786  -0.0840
  15.50    1.671   0.1173  -0.0830
  16.00    1.649   0.1377  -0.0848
  16.50    1.621   0.1600  -0.0880
  17.00    1.598   0.1814  -0.0926
  17.50    1.571   0.2042  -0.0984
  18.00    1.549   0.2316  -0.1052
  19.00    1.544   0.2719  -0.1158
  19.50    1.549   0.2906  -0.1213
  20.00    1.565   0.3085  -0.1248
  21.00    1.565   0.3447  -0.1317
  22.00    1.563   0.3820  -0.1385
  23.00    1.558   0.4203  -0.1452
  24.00    1.552   0.4593  -0.1518
  25.00    1.546   0.4988  -0.1583
  26.00    1.539   0.5387  -0.1647
  28.00    1.527   0.6187  -0.1770
  30.00    1.522   0.6978  -0.1886
  32.00    1.529   0.7747  -0.1994
  35.00    1.544   0.8869  -0.2148
  40.00    1.529   1.0671  -0.2392
  45.00    1.471   1.2319  -0.2622
  50.00    1.376   1.3747  -0.2839
  55.00    1.249   1.4899  -0.3043
  60.00    1.097   1.5728  -0.3236
  65.00    0.928   1.6202  -0.3417
  70.00    0.750   1.6302  -0.3586
  75.00    0.570   1.6031  -0.3745
  80.00    0.396   1.5423  -0.3892
  85.00    0.237   1.4598  -0.4028
  90.00    0.101   1.4041  -0.4151
  95.00   -0.022   1.4053  -0.4261
 100.00   -0.143   1.3914  -0.4357
 105.00   -0.261   1.3625  -0.4437
 110.00   -0.374   1.3188  -0.4498
 115.00   -0.480   1.2608  -0.4538
 120.00   -0.575   1.1891  -0.4553
 125.00   -0.659   1.1046  -0.4540
 130.00   -0.727   1.0086  -0.4492
 135.00   -0.778   0.9025  -0.4405
 140.00   -0.809   0.7883  -0.4270
 145.00   -0.818   0.6684  -0.4078
 150.00   -0.800   0.5457  -0.3821
 155.00   -0.754   0.4236  -0.3484
 160.00   -0.677   0.3066  -0.3054
 170.00   -0.417   0.1085  -0.1842
 175.00   -0.229   0.0510  -0.1013
 180.00    0.000   0.0407   0.0000 
6   136  40 DU40 airfoil with an aspect ratio of 17.  Original -180 to 180deg  
-180.00    0.000   0.0602   0.0000
-175.00    0.218   0.0699   0.0934
-170.00    0.397   0.1107   0.1697
-160.00    0.642   0.3045   0.2813
-155.00    0.715   0.4179   0.3208
-150.00    0.757   0.5355   0.3516
-145.00    0.772   0.6535   0.3752
-140.00    0.762   0.7685   0.3926
-135.00    0.731   0.8777   0.4048
-130.00    0.680   0.9788   0.4126
-125.00    0.613   1.0700   0.4166
-120.00    0.532   1.1499   0.4176
-115.00    0.439   1.2174   0.4158
-110.00    0.337   1.2716   0.4117
-105.00    0.228   1.3118   0.4057
-100.00    0.114   1.3378   0.3979
 -95.00   -0.002   1.3492   0.3887
 -90.00   -0.120   1.3460   0.3781
 -85.00   -0.236   1.3283   0.3663
 -80.00   -0.349   1.2964   0.3534
 -75.00   -0.456   1.2507   0.3394
 -70.00   -0.557   1.1918   0.3244
 -65.00   -0.647   1.1204   0.3084
 -60.00   -0.727   1.0376   0.2914
 -55.00   -0.792   0.9446   0.2733
 -50.00   -0.842   0.8429   0.2543
 -45.00   -0.874   0.7345   0.2342
 -40.00   -0.886   0.6215   0.2129
 -35.00   -0.875   0.5067   0.1906
 -30.00   -0.839   0.3932   0.1670
 -25.00   -0.777   0.2849   0.1422
 -24.00   -0.761   0.2642   0.1371
 -23.00   -0.744   0.2440   0.1320
 -22.00   -0.725   0.2242   0.1268
 -21.00   -0.706   0.2049   0.1215
 -20.00   -0.685   0.1861   0.1162
 -19.00   -0.662   0.1687   0.1097
 -18.00   -0.635   0.1533   0.1012
 -17.00   -0.605   0.1398   0.0907
 -16.00   -0.571   0.1281   0.0784
 -15.00   -0.534   0.1183   0.0646
 -14.00   -0.494   0.1101   0.0494
 -13.00   -0.452   0.1036   0.0330
 -12.00   -0.407   0.0986   0.0156
 -11.00   -0.360   0.0951  -0.0026
 -10.00   -0.311   0.0931  -0.0213
  -8.00   -0.208   0.0930  -0.0600
  -6.00   -0.111   0.0689  -0.0500
  -5.50   -0.090   0.0614  -0.0516
  -5.00   -0.072   0.0547  -0.0532
  -4.50   -0.065   0.0480  -0.0538
  -4.00   -0.054   0.0411  -0.0544
  -3.50   -0.017   0.0349  -0.0554
  -3.00    0.003   0.0299  -0.0558
  -2.50    0.014   0.0255  -0.0555
  -2.00    0.009   0.0198  -0.0534
  -1.50    0.004   0.0164  -0.0442
  -1.00    0.036   0.0147  -0.0469
  -0.50    0.073   0.0137  -0.0522
   0.00    0.137   0.0113  -0.0573
   0.50    0.213   0.0114  -0.0644
   1.00    0.292   0.0118  -0.0718
   1.50    0.369   0.0122  -0.0783
   2.00    0.444   0.0124  -0.0835
   2.50    0.514   0.0124  -0.0866
   3.00    0.580   0.0123  -0.0887
   3.50    0.645   0.0120  -0.0900
   4.00    0.710   0.0119  -0.0914
   4.50    0.776   0.0122  -0.0933
   5.00    0.841   0.0125  -0.0947
   5.50    0.904   0.0129  -0.0957
   6.00    0.967   0.0135  -0.0967
   6.50    1.027   0.0144  -0.0973
   7.00    1.084   0.0158  -0.0972
   7.50    1.140   0.0174  -0.0972
   8.00    1.193   0.0198  -0.0968
   8.50    1.242   0.0231  -0.0958
   9.00    1.287   0.0275  -0.0948
   9.50    1.333   0.0323  -0.0942
  10.00    1.368   0.0393  -0.0926
  10.50    1.400   0.0475  -0.0908
  11.00    1.425   0.0580  -0.0890
  11.50    1.449   0.0691  -0.0877
  12.00    1.473   0.0816  -0.0870
  12.50    1.494   0.0973  -0.0870
  13.00    1.513   0.1129  -0.0876
  13.50    1.538   0.1288  -0.0886
  14.50    1.587   0.1650  -0.0917
  15.00    1.614   0.1845  -0.0939
  15.50    1.631   0.2052  -0.0966
  16.00    1.649   0.2250  -0.0996
  16.50    1.666   0.2467  -0.1031
  17.00    1.681   0.2684  -0.1069
  17.50    1.699   0.2900  -0.1110
  18.00    1.719   0.3121  -0.1157
  19.00    1.751   0.3554  -0.1242
  19.50    1.767   0.3783  -0.1291
  20.50    1.798   0.4212  -0.1384
  21.00    1.810   0.4415  -0.1416
  22.00    1.830   0.4830  -0.1479
  23.00    1.847   0.5257  -0.1542
  24.00    1.861   0.5694  -0.1603
  25.00    1.872   0.6141  -0.1664
  26.00    1.881   0.6593  -0.1724
  28.00    1.894   0.7513  -0.1841
  30.00    1.904   0.8441  -0.1954
  32.00    1.915   0.9364  -0.2063
  35.00    1.929   1.0722  -0.2220
  40.00    1.903   1.2873  -0.2468
  45.00    1.820   1.4796  -0.2701
  50.00    1.690   1.6401  -0.2921
  55.00    1.522   1.7609  -0.3127
  60.00    1.323   1.8360  -0.3321
  65.00    1.106   1.8614  -0.3502
  70.00    0.880   1.8347  -0.3672
  75.00    0.658   1.7567  -0.3830
  80.00    0.449   1.6334  -0.3977
  85.00    0.267   1.4847  -0.4112
  90.00    0.124   1.3879  -0.4234
  95.00    0.002   1.3912  -0.4343
 100.00   -0.118   1.3795  -0.4437
 105.00   -0.235   1.3528  -0.4514
 110.00   -0.348   1.3114  -0.4573
 115.00   -0.453   1.2557  -0.4610
 120.00   -0.549   1.1864  -0.4623
 125.00   -0.633   1.1041  -0.4606
 130.00   -0.702   1.0102  -0.4554
 135.00   -0.754   0.9060  -0.4462
 140.00   -0.787   0.7935  -0.4323
 145.00   -0.797   0.6750  -0.4127
 150.00   -0.782   0.5532  -0.3863
 155.00   -0.739   0.4318  -0.3521
 160.00   -0.664   0.3147  -0.3085
 170.00   -0.410   0.1144  -0.1858
 175.00   -0.226   0.0702  -0.1022
 180.00    0.000   0.0602   0.0000 
7  3  90 Cylinder 2 section with a Cd of 0.35
 -180.00    0.000   0.3500   0.000
   0.00    0.000   0.3500   0.000
 180.00    0.000   0.3500   0.000
8  3 100 Cylinder 1 section with a Cd of 0.50
 -180.00    0.000   0.5000   0.000
   0.00    0.000   0.5000   0.000
 180.00    0.000   0.5000   0.000